# POSITION WT SITE_ENTROPY PI_A PI_C PI_D PI_E PI_F PI_G PI_H PI_I PI_K PI_L PI_M PI_N PI_P PI_Q PI_R PI_S PI_T PI_V PI_W PI_Y PI_*
-16 M 4.27386 0.0315718 0.063795 0.0766619 0.0439578 0.0394816 0.0359777 0.0277806 0.0638719 0.0805874 0.0390649 0.0659471 0.0635479 0.00448011 0.0375291 0.0490305 0.0273496 0.0392232 0.0405311 0.0483763 0.0621714 0.059063
-15 K 4.10323 0.0108588 0.0238574 0.0248294 0.0185699 0.052563 0.00811647 0.0516192 0.10132 0.118963 0.0603763 0.0243373 0.0817699 0.0116407 0.0403803 0.0591662 0.0205784 0.0319151 0.0588409 0.0715921 0.0799139 0.0487916
-14 T 4.25574 0.025446 0.0603845 0.0265671 0.0427046 0.0423202 0.00360921 0.0430687 0.0379438 0.0492936 0.0538318 0.0220617 0.0887233 0.0556002 0.0594687 0.0563686 0.0440733 0.0624334 0.0282179 0.067216 0.0782385 0.052429
-13 I 4.20072 0.0951383 0.0998616 0.0152815 0.0336936 0.0410954 0.0541312 0.0322942 0.0647305 0.0510345 0.0323506 0.0554566 0.0344316 0.0340795 0.0275828 0.0168128 0.0460238 0.0357463 0.103332 0.0218135 0.0726689 0.0324402
-12 I 3.9946 0.0431148 0.0386637 0.016003 0.0115815 0.0823817 0.0723707 0.00715021 0.105592 0.0297083 0.0709626 0.0474079 0.0316042 0.00922815 0.0120807 0.0121082 0.0336674 0.0434082 0.0363493 0.164424 0.0563592 0.0758345
-11 A 4.11929 0.165081 0.0800701 0.0266619 0.0484629 0.0347606 0.0785519 0.0316806 0.0356761 0.0178758 0.0302814 0.0616229 0.0367161 0.0223 0.0263368 0.0261612 0.0618507 0.0911352 0.0254726 0.0381725 0.0362764 0.0248534
-10 L 4.20385 0.0405991 0.0288168 0.0569389 0.058343 0.113037 0.0633511 0.0352699 0.0733608 0.0148889 0.0527653 0.0538224 0.0601731 0.0360872 0.0148344 0.00550053 0.0518592 0.0397238 0.035813 0.0821846 0.0522163 0.0304151
-9 S 4.18053 0.0669931 0.102835 0.0130754 0.0438687 0.0416767 0.0772009 0.0564513 0.0666069 0.0123162 0.0328271 0.0370568 0.0414241 0.035717 0.0652674 0.0148645 0.0986695 0.0461331 0.0402611 0.0377968 0.0592769 0.00968141
-8 Y 4.3044 0.0456273 0.0349968 0.0905908 0.0447583 0.0385326 0.040867 0.0155166 0.0343991 0.0640651 0.0466077 0.0755 0.0293845 0.0560203 0.0304252 0.0556437 0.0397721 0.0446382 0.0638844 0.06138 0.0520965 0.0352938
-7 I 4.17843 0.0296057 0.0556989 0.0169698 0.0719098 0.0636051 0.0581024 0.0453024 0.0463015 0.0195096 0.0360317 0.0690579 0.113631 0.062991 0.0493968 0.0166101 0.0185522 0.083297 0.0145182 0.0753624 0.0302781 0.0232677
-6 L 4.2867 0.0339366 0.0452444 0.0457949 0.0443502 0.0456635 0.0540679 0.0679988 0.101037 0.0815709 0.0527264 0.0532279 0.0351369 0.0696361 0.0518013 0.0392147 0.0241635 0.0234485 0.0314834 0.0278404 0.0396419 0.0320146
-5 C 4.32187 0.0390435 0.0371226 0.0758296 0.0508434 0.0660965 0.0273251 0.0245553 0.0543691 0.0853117 0.0415248 0.0440676 0.046968 0.0545002 0.037769 0.0453218 0.0551092 0.0576638 0.0233644 0.0437778 0.0481931 0.0412436
-4 L 4.3002 0.0340419 0.0432023 0.103678 0.0407486 0.0417129 0.0263727 0.0408901 0.0359419 0.049577 0.0320289 0.0572576 0.0394011 0.0241861 0.0462793 0.0732626 0.0456725 0.039744 0.0659392 0.0378564 0.0495112 0.0726955
-3 V 3.95566 0.0571771 0.0495187 0.0307199 0.0154698 0.0101973 0.0836475 0.0180143 0.0581209 0.00765536 0.0379453 0.0265065 0.0759429 0.0138613 0.0143851 0.0236735 0.0975433 0.103909 0.0873217 0.0141109 0.0207961 0.153483
-2 F 4.36205 0.0454792 0.0488303 0.0466945 0.0430022 0.0434398 0.0593655 0.0646126 0.0673216 0.0505293 0.0534922 0.0601687 0.0315946 0.0294206 0.0359757 0.0434213 0.040692 0.0447752 0.0410025 0.0467184 0.0571028 0.0463613
-1 A 3.99648 0.141253 0.0650329 0.0335679 0.0173785 0.0444269 0.0681932 0.012379 0.0376115 0.0150608 0.0153452 0.0597294 0.0186553 0.0412023 0.0238016 0.00656714 0.127782 0.0856401 0.050349 0.0266478 0.0166347 0.0927422
1 Q 4.25468 0.0477887 0.0156291 0.0569676 0.0424763 0.0279421 0.0247204 0.0556492 0.0656816 0.0475002 0.0406654 0.0352033 0.0914747 0.00364778 0.0690311 0.0581287 0.0500394 0.057737 0.0586067 0.0348866 0.0553114 0.0609126
2 K 4.12745 0.0503005 0.0411355 0.0719262 0.0798738 0.00847005 0.0545101 0.0863852 0.00604212 0.0823834 0.0052383 0.0277578 0.0785726 0.0395916 0.071028 0.0529434 0.0622596 0.0516581 0.00331164 0.0367817 0.0350553 0.0547748
3 L 4.30656 0.0462493 0.0167988 0.0698522 0.0497161 0.0638529 0.0372046 0.0256755 0.0789279 0.0375386 0.0586846 0.0458827 0.0449933 0.0449321 0.0375825 0.0314877 0.0370074 0.0551495 0.0354391 0.0719157 0.07394 0.0371698
4 P 4.30787 0.0380975 0.0301606 0.0352114 0.0287446 0.0330401 0.0384349 0.0721215 0.0337563 0.0599317 0.0719698 0.068066 0.0541839 0.0453431 0.0724374 0.0211223 0.0292933 0.0581735 0.0480277 0.0514697 0.0405037 0.069911
5 G 4.2236 0.039351 0.0155538 0.0532299 0.03333 0.0445546 0.0430383 0.0428092 0.0660645 0.0149339 0.0586855 0.118661 0.0454756 0.0274793 0.0256024 0.0343775 0.0379355 0.0345865 0.0601432 0.042498 0.0630209 0.0986698
6 N 4.2837 0.0337426 0.016489 0.0375705 0.0760125 0.0325331 0.0594784 0.0564551 0.0487519 0.038331 0.0466308 0.0767125 0.0455619 0.0314516 0.029005 0.0217961 0.0617769 0.040469 0.0331497 0.0702031 0.0624763 0.0814029
7 D 4.20883 0.0227767 0.0274993 0.0600444 0.0694387 0.0606116 0.0378482 0.0486293 0.0552857 0.023117 0.0386715 0.0589963 0.0793409 0.0341305 0.0513576 0.0159776 0.0513608 0.0421308 0.0336844 0.0191952 0.135621 0.0342829
8 N 4.27219 0.0322262 0.0178566 0.0773655 0.0595936 0.0544766 0.041489 0.0622999 0.0986466 0.049659 0.0536655 0.0658344 0.0316354 0.0607135 0.0604054 0.0412215 0.0229069 0.0184801 0.0365577 0.0326286 0.0453872 0.0369507
9 S 4.31471 0.046011 0.0170025 0.0489942 0.0907463 0.0475418 0.0428407 0.0362679 0.0437421 0.0630987 0.0518676 0.0545816 0.0476122 0.0777749 0.037452 0.0626729 0.0448958 0.0350223 0.0332221 0.0348497 0.0325122 0.0512921
10 T 4.3048 0.0466092 0.04204 0.0389458 0.0525735 0.0544227 0.0436152 0.0490469 0.0535295 0.0616824 0.063573 0.0671076 0.0185329 0.0211844 0.041578 0.0242446 0.0203038 0.0594002 0.0497651 0.0722789 0.048105 0.0714614
11 A 4.12646 0.155575 0.0173175 0.0223601 0.0447038 0.0359915 0.0532711 0.0264295 0.0264407 0.0317248 0.0194957 0.0455771 0.0295945 0.0847477 0.0294353 0.0181718 0.0592749 0.0778725 0.0650439 0.0357256 0.0350147 0.086232
12 T 4.25095 0.0471324 0.0341161 0.0329399 0.0373778 0.099682 0.0319244 0.0502055 0.0551314 0.0423133 0.0555897 0.0777969 0.0272471 0.0163429 0.0388154 0.0268616 0.01581 0.0886804 0.0538576 0.0446035 0.0602359 0.0633361
13 L 3.85856 0.0181867 0.0432344 0.0280016 0.0253692 0.0602938 0.0101126 0.0177086 0.0872692 0.0329686 0.190794 0.0623334 0.021226 0.016432 0.0233876 0.0107876 0.0261101 0.0383051 0.0364633 0.0329038 0.0371846 0.180929
14 C 3.71208 0.0230955 0.282993 0.0450602 0.0321697 0.0314432 0.0207115 0.0452259 0.0322916 0.0275839 0.0224236 0.042651 0.0195905 0.0146854 0.0284137 0.0243756 0.0263028 0.0279957 0.0156397 0.017068 0.0565988 0.163681
15 L 3.8231 0.0330006 0.0518791 0.017954 0.0229489 0.0266851 0.00941338 0.0209529 0.08165 0.0177962 0.163259 0.0477885 0.0168494 0.0282356 0.0177286 0.0349012 0.016847 0.0426716 0.0953657 0.0315969 0.0157454 0.206731
16 G 3.79862 0.0120422 0.0207068 0.0192756 0.0316852 0.122149 0.274358 0.033769 0.0210887 0.0210104 0.0164018 0.0385176 0.0397978 0.0249222 0.0299818 0.0533688 0.0275734 0.0202419 0.0325676 0.0468646 0.0355006 0.0781772
17 H 3.83227 0.0106017 0.0192544 0.0192988 0.0362824 0.0766382 0.0137025 0.244838 0.0174541 0.0647942 0.0242223 0.0598681 0.0459184 0.018144 0.0386164 0.116754 0.0108301 0.0158356 0.0293869 0.0423059 0.0339184 0.0613356
18 H 4.13328 0.0167609 0.0271885 0.0144157 0.0479262 0.0371574 0.0163998 0.165395 0.0703602 0.0314221 0.0513824 0.0414427 0.0483972 0.0312488 0.0663112 0.0311411 0.0193263 0.0415326 0.0518081 0.0517848 0.0847069 0.0538923
19 A 3.9069 0.168518 0.032399 0.0115271 0.0290525 0.0312431 0.0134211 0.022844 0.0234914 0.0241994 0.0115666 0.0430363 0.10127 0.019219 0.023947 0.018538 0.0981587 0.0652622 0.0207404 0.0342188 0.0611711 0.146176
20 V 3.7081 0.0456996 0.0141293 0.0128263 0.0187509 0.0689785 0.0133672 0.0176559 0.0388318 0.0414991 0.043388 0.0286835 0.0472904 0.0293275 0.017082 0.0158041 0.0159904 0.0400817 0.151555 0.0337606 0.0258343 0.279464
21 P 4.24292 0.052074 0.026858 0.0234267 0.0108249 0.0526151 0.0360452 0.0926326 0.027817 0.054305 0.0572113 0.0509169 0.0294156 0.0634166 0.054199 0.0459426 0.0587341 0.0746678 0.0392294 0.0350296 0.0203728 0.0942659
22 N 4.10656 0.061909 0.0227257 0.0412273 0.070749 0.0199235 0.0321813 0.105219 0.00487375 0.0636543 0.0545847 0.0138986 0.0999938 0.00453858 0.0858592 0.0667845 0.0389804 0.0553258 0.0128911 0.0390619 0.0626889 0.0429299
23 G 3.87883 0.0389965 0.0227565 0.0263347 0.0349186 0.0145385 0.239164 0.0349687 0.0237346 0.0333978 0.0226626 0.0495875 0.0779139 0.0419609 0.0408412 0.019447 0.0184889 0.0166 0.0549762 0.0298054 0.024095 0.134811
24 T 4.13539 0.0487245 0.0263526 0.0124134 0.0456941 0.10504 0.0114577 0.0729162 0.0620476 0.0574083 0.0225566 0.0342211 0.00997251 0.031441 0.0635096 0.0140928 0.0317108 0.0838223 0.0782005 0.0285659 0.0850553 0.0747975
25 I 4.1547 0.0331493 0.0275275 0.0110804 0.0236112 0.0615908 0.0127517 0.0351978 0.0869993 0.0401056 0.0809309 0.0858825 0.0266748 0.0200535 0.0340381 0.0531915 0.0379454 0.020984 0.0874763 0.0818916 0.0968605 0.0420576
26 V 3.68765 0.0402711 0.0219436 0.0228389 0.0288276 0.0286593 0.0274403 0.012648 0.17756 0.0203966 0.0572542 0.047961 0.0200691 0.0187777 0.0199415 0.022351 0.014214 0.0182903 0.253265 0.0209335 0.025105 0.101252
27 K 4.02596 0.0811721 0.0129461 0.0215834 0.0196962 0.0224997 0.0323427 0.0570145 0.0163671 0.118575 0.0179152 0.0494808 0.0570848 0.00911039 0.116338 0.115835 0.0612888 0.073133 0.0300042 0.0175267 0.0169089 0.0531759
28 T 3.91715 0.0732231 0.0228477 0.0253589 0.0232774 0.0146929 0.0545841 0.0116382 0.0292256 0.0371242 0.0477536 0.0500032 0.0212106 0.0308466 0.0282495 0.0165747 0.0896929 0.20328 0.0406699 0.0227895 0.0193461 0.137611
29 I 4.08698 0.0383167 0.0223355 0.0287892 0.0219371 0.0409128 0.0168503 0.0282011 0.17417 0.0213207 0.0513389 0.0697991 0.0349267 0.0677434 0.0194599 0.01542 0.0438436 0.0357472 0.0874448 0.0671048 0.0386064 0.075732
30 T 4.24454 0.0656749 0.0182058 0.0274784 0.0477961 0.0227698 0.0423921 0.0304373 0.0407473 0.0417453 0.0493832 0.051044 0.0764168 0.00623146 0.0597622 0.0700405 0.0641418 0.0752399 0.0753388 0.0244553 0.0423206 0.0683782
31 N 4.29466 0.0663577 0.0483662 0.0477814 0.0544654 0.0446242 0.0420346 0.044272 0.0268328 0.0416892 0.0354577 0.0322006 0.0642996 0.0109799 0.0743607 0.0342888 0.0370388 0.0358263 0.0501929 0.0508527 0.0695767 0.0885022
32 D 4.1915 0.0616102 0.0137105 0.0726837 0.0872162 0.0147632 0.0389767 0.0344221 0.0311837 0.020774 0.0367549 0.0425036 0.0838907 0.0815345 0.049831 0.0270069 0.0518659 0.0541758 0.0185044 0.0301939 0.0428896 0.105508
33 Q 4.18825 0.0713516 0.00795467 0.0324525 0.0828369 0.0551703 0.0765819 0.0565356 0.0298754 0.0502299 0.0604017 0.0318813 0.0364422 0.0100299 0.0782144 0.0867629 0.0157469 0.0189471 0.0471651 0.0334352 0.0765053 0.0414792
34 I 3.94915 0.0234184 0.0244786 0.0101256 0.0633996 0.0364704 0.0106513 0.0278276 0.107812 0.0115073 0.111722 0.0893909 0.0763593 0.00642494 0.092931 0.0162336 0.011874 0.0696596 0.0882669 0.0172417 0.014209 0.0899962
35 E 3.98956 0.0729492 0.0250986 0.0865462 0.151336 0.017554 0.0317417 0.0159549 0.0276206 0.0240861 0.0313503 0.020957 0.0333702 0.0203322 0.0850858 0.0187938 0.0619066 0.0362581 0.0174043 0.026367 0.0442924 0.150995
36 V 3.56367 0.0526985 0.0864271 0.0213259 0.0446276 0.0223466 0.0147447 0.0168624 0.0384647 0.0267968 0.01632 0.0255882 0.0311085 0.0114438 0.0140468 0.010072 0.0145508 0.0243544 0.199156 0.0190903 0.0334315 0.276543
37 T 3.86159 0.0989753 0.085047 0.0282355 0.0274746 0.0163348 0.0150938 0.0073638 0.0762409 0.0112596 0.0171001 0.073347 0.0653688 0.00827545 0.0117464 0.00827282 0.0110158 0.132667 0.102168 0.013713 0.0783439 0.111957
38 N 4.13627 0.0861699 0.0370838 0.0381105 0.0928044 0.0654596 0.0390696 0.0280359 0.0205889 0.0297507 0.0139789 0.0400005 0.073792 0.00312759 0.0588311 0.0436241 0.0901311 0.0482638 0.0128202 0.0213134 0.0605249 0.0965191
39 A 3.95613 0.130625 0.0200554 0.0655584 0.0192451 0.0375799 0.0275159 0.0228459 0.00797677 0.0156702 0.0953681 0.0156875 0.144117 0.0471535 0.0350999 0.00887885 0.0926456 0.0598175 0.0298007 0.020159 0.0201324 0.084067
40 T 4.08688 0.0425 0.0175436 0.0155611 0.0746187 0.0542135 0.00739936 0.0161688 0.0584676 0.0345362 0.0829527 0.0675782 0.031023 0.00763866 0.07779 0.0260124 0.0226845 0.0924095 0.11153 0.0248208 0.0462354 0.0883157
41 E 3.6836 0.0222208 0.0301002 0.0254462 0.234024 0.0223769 0.0214877 0.0157352 0.0113748 0.107219 0.0184748 0.045433 0.0163595 0.0110698 0.0243695 0.0563888 0.025953 0.0173618 0.0172142 0.0822318 0.0194822 0.175677
42 L 3.98958 0.0598486 0.0192737 0.0376471 0.0323297 0.0452164 0.0252521 0.0179523 0.0270432 0.0237489 0.226879 0.045804 0.0203215 0.0361685 0.0544273 0.0283867 0.0217113 0.0511238 0.084405 0.0310933 0.027314 0.0840543
43 V 3.73567 0.0247112 0.0208172 0.038672 0.0352241 0.0388951 0.0400321 0.0219834 0.0772799 0.0480973 0.0249307 0.0243278 0.0243593 0.0127701 0.0227937 0.020727 0.0298518 0.0273564 0.302211 0.0224171 0.0261489 0.116394
44 Q 4.19028 0.0468561 0.0201875 0.0400756 0.0697987 0.0719065 0.0545225 0.0519878 0.0801666 0.0521516 0.0282512 0.0498388 0.0104438 0.00886696 0.0736431 0.0144154 0.0237145 0.0512106 0.0889829 0.0323428 0.0441062 0.0865309
45 S 4.18907 0.0457834 0.0354077 0.0775984 0.0138115 0.0199344 0.0403703 0.0678466 0.104818 0.0357415 0.0374447 0.0202583 0.0604582 0.0307214 0.0312247 0.0704775 0.0903566 0.0838451 0.0571923 0.016299 0.0295609 0.0308497
46 S 4.32985 0.0536658 0.0196138 0.0489287 0.0498569 0.0473258 0.056203 0.0407303 0.0470799 0.0441943 0.0398778 0.0443544 0.0566757 0.0135578 0.0562392 0.0466154 0.0564738 0.064214 0.0463209 0.0356831 0.0656117 0.0667778
47 S 4.18902 0.0699406 0.0264712 0.0367741 0.0189926 0.0471406 0.0612874 0.02834 0.052281 0.0236912 0.0481291 0.0600391 0.0430761 0.0157071 0.0232159 0.0153314 0.087518 0.0764949 0.0470902 0.028626 0.0758294 0.114024
48 T 4.309 0.0249821 0.0142916 0.0499695 0.0413666 0.0564275 0.0492241 0.0486232 0.0567445 0.0634921 0.0714873 0.0201658 0.0614011 0.0431318 0.0513185 0.0429903 0.0616514 0.0574619 0.0438323 0.0277225 0.0432421 0.0704734
49 G 4.23166 0.0527947 0.0402833 0.0400559 0.0444084 0.0437852 0.123117 0.0399196 0.0184706 0.0414862 0.0364097 0.036708 0.0453004 0.058172 0.046496 0.0910847 0.0380386 0.0445915 0.0163023 0.0173233 0.0472957 0.0779565
50 E 4.22868 0.0694497 0.0211376 0.0138801 0.0508777 0.0422737 0.00585528 0.05129 0.0897149 0.0783397 0.0553198 0.0578666 0.0259833 0.0276384 0.0711583 0.0464056 0.0445122 0.0659017 0.0606077 0.0300624 0.0326439 0.0590815
51 I 3.90883 0.0173174 0.024669 0.0241622 0.0753339 0.0302283 0.0635146 0.0262366 0.219924 0.0376815 0.0948877 0.0391833 0.0297691 0.0121495 0.0197727 0.014172 0.018221 0.0282497 0.034687 0.0482273 0.0278732 0.11374
52 C 3.57935 0.0150526 0.303449 0.036763 0.0303624 0.0242352 0.0209935 0.0271077 0.0182066 0.0238114 0.0314364 0.0214221 0.0217426 0.0190775 0.0219919 0.0362452 0.0258844 0.0207484 0.0192683 0.0514754 0.0367799 0.193946
53 D 4.11335 0.0682476 0.0158596 0.141248 0.0762752 0.0211024 0.0869999 0.050562 0.014686 0.0297862 0.021202 0.0246227 0.0525252 0.0134961 0.055176 0.0289476 0.078472 0.0371397 0.0274703 0.0272452 0.0517371 0.0771998
54 S 4.07561 0.0655278 0.00918928 0.0203112 0.121328 0.0225206 0.0835748 0.0470059 0.00583046 0.0553857 0.0217411 0.0554839 0.0349083 0.00676165 0.103103 0.0661239 0.0841589 0.0549184 0.0319689 0.0173416 0.045283 0.047533
55 P 3.94664 0.0316718 0.0274221 0.0301792 0.0360343 0.0635168 0.0377272 0.0278626 0.028475 0.0477863 0.0264036 0.0162183 0.0184069 0.199595 0.0367416 0.0216323 0.0262482 0.0475737 0.0414109 0.0301962 0.0339554 0.170943
56 H 3.9038 0.0322683 0.0125457 0.0153765 0.013806 0.130961 0.03679 0.130751 0.0506706 0.018352 0.0564527 0.0491142 0.0348449 0.00864923 0.0404096 0.0133642 0.0098578 0.0142025 0.025383 0.0957139 0.144146 0.0663405
57 Q 4.11729 0.0643297 0.00790525 0.0346483 0.0539947 0.024169 0.022035 0.0421035 0.0691247 0.0945179 0.0789471 0.0299556 0.108869 0.00665228 0.05997 0.0501887 0.0507452 0.0512719 0.0893557 0.0121104 0.014622 0.0344837
58 I 3.75119 0.0182337 0.0183783 0.0169296 0.0146203 0.0529032 0.0376904 0.0184766 0.217191 0.0298489 0.0447086 0.0326924 0.0263914 0.010853 0.0316429 0.0188959 0.0173172 0.0193627 0.177074 0.059982 0.0214703 0.115338
59 L 3.65966 0.019891 0.0277152 0.0227319 0.0169419 0.0230596 0.0132287 0.0142619 0.118684 0.0167845 0.205813 0.0486988 0.0161896 0.0263132 0.0223964 0.0129618 0.0206655 0.0161178 0.174278 0.0262358 0.0222921 0.134739
60 D 3.75095 0.0318605 0.0319635 0.299446 0.0404292 0.0137561 0.0183653 0.0219442 0.0325198 0.0204915 0.0175309 0.027833 0.0399989 0.0388293 0.0331345 0.0256776 0.0323175 0.0168647 0.0417852 0.0388713 0.0497642 0.126617
61 G 3.78344 0.0201122 0.0226316 0.0279087 0.0506111 0.0249992 0.25768 0.020985 0.0544039 0.02868 0.0204998 0.037719 0.0217585 0.0141473 0.0283306 0.0271288 0.0238419 0.0435355 0.164639 0.0444817 0.0177775 0.0481285
62 K 4.11753 0.0520147 0.0158065 0.0687125 0.0417295 0.0185952 0.151105 0.0320188 0.0340896 0.0800132 0.0543828 0.0859342 0.0609827 0.008567 0.0592982 0.0441807 0.0168603 0.0223134 0.0344503 0.0350277 0.0238167 0.0601017
63 N 4.07021 0.0464147 0.0160023 0.0695608 0.0579444 0.0201267 0.05113 0.0480319 0.0113896 0.0457316 0.0266436 0.0432207 0.168927 0.0128798 0.0567941 0.0230436 0.0362867 0.0585296 0.0180157 0.0380592 0.0387674 0.112501
64 C 3.59478 0.0119065 0.256735 0.152796 0.0573919 0.0604651 0.0205271 0.0114955 0.0145223 0.0199151 0.0175544 0.0266972 0.0232763 0.0167141 0.0157246 0.0134762 0.017576 0.0498409 0.0161141 0.0250161 0.0239285 0.148327
65 T 3.95206 0.029392 0.0251112 0.0272276 0.0210094 0.0391489 0.0329043 0.0312125 0.0397101 0.0532999 0.0547687 0.06442 0.0250508 0.0170003 0.0240128 0.0237295 0.087177 0.229409 0.030616 0.0278333 0.0170449 0.0999214
66 L 3.67107 0.0116137 0.0180844 0.0236037 0.0267321 0.0474669 0.0162231 0.0154831 0.0765877 0.0287687 0.285562 0.0404009 0.0162685 0.0412492 0.0367686 0.0363578 0.019618 0.0149643 0.031215 0.0295765 0.0226913 0.160764
67 I 3.70003 0.0122813 0.0252678 0.0186741 0.0284034 0.028068 0.0155336 0.0227928 0.256774 0.102243 0.0552647 0.150808 0.0214009 0.0157368 0.0196672 0.0251058 0.0190839 0.0218691 0.0644937 0.0151734 0.0175901 0.0637686
68 D 3.70894 0.0210736 0.0498974 0.294073 0.0282713 0.0238576 0.0298259 0.0208378 0.0213364 0.023942 0.0130003 0.0354757 0.0318755 0.017311 0.0184797 0.0318785 0.039879 0.0153317 0.0612823 0.0302113 0.0482532 0.143907
69 A 3.86101 0.2278 0.0529016 0.0320036 0.0230456 0.0256022 0.0212034 0.025238 0.0928064 0.0316614 0.0145305 0.0217972 0.0182171 0.016018 0.0233223 0.0320194 0.0542847 0.0704342 0.029798 0.021424 0.0286962 0.137197
70 L 3.65579 0.0241346 0.0186578 0.0119283 0.0152978 0.0188944 0.0231068 0.0177133 0.119845 0.0188774 0.268006 0.0783969 0.0134582 0.02772 0.0480505 0.0239045 0.014452 0.0210439 0.0622461 0.022309 0.0198655 0.132093
71 L 3.8897 0.0262709 0.0164671 0.0258789 0.0299737 0.0382209 0.0311056 0.0606401 0.0659739 0.0461922 0.258961 0.0288918 0.0306485 0.0161835 0.032418 0.01341 0.0237921 0.0324319 0.0548555 0.0367374 0.0275378 0.103409
72 G 3.68574 0.0188449 0.0211016 0.0249216 0.0440668 0.0276027 0.300919 0.0311436 0.0236992 0.0298106 0.0284496 0.0539348 0.0300597 0.0108497 0.0313653 0.0521305 0.0124116 0.0175531 0.0595233 0.0290297 0.014645 0.137938
73 D 3.59749 0.0989957 0.014358 0.247646 0.0237298 0.0154347 0.0305463 0.0135015 0.0151842 0.0384006 0.0117258 0.0242028 0.0221003 0.0165774 0.02466 0.0162894 0.0470799 0.0280058 0.0468771 0.0213492 0.0271862 0.216149
74 P 3.78219 0.0259372 0.0150599 0.0453656 0.0263217 0.0559029 0.0217943 0.0492181 0.0615758 0.0384594 0.0187136 0.0158896 0.0220323 0.280442 0.021014 0.0132839 0.0220016 0.0239664 0.02487 0.0389584 0.0673626 0.11183
75 Q 4.01899 0.0721893 0.0102373 0.0316608 0.0418539 0.020511 0.132094 0.11828 0.0341943 0.0280366 0.056499 0.0662497 0.0914181 0.0127425 0.0967564 0.0118531 0.0602169 0.0257042 0.0234896 0.01344 0.0162358 0.0363377
76 C 3.73322 0.0225525 0.286568 0.0166722 0.0215722 0.106131 0.0439639 0.017474 0.0234045 0.0258637 0.0350207 0.0329078 0.0471761 0.0151255 0.0324465 0.026999 0.0363865 0.0119264 0.0249434 0.0369097 0.0218679 0.114089
77 D 3.7457 0.0205965 0.0119763 0.286099 0.118736 0.0285471 0.0561832 0.0242245 0.0141361 0.0209305 0.0328253 0.0407419 0.0291445 0.0233101 0.022512 0.0157597 0.0261879 0.025054 0.0267485 0.039787 0.0488765 0.0876235
78 D 3.77956 0.0194727 0.0365392 0.120574 0.247012 0.0114449 0.0558227 0.0354442 0.0150209 0.0222745 0.0177799 0.0203975 0.0396027 0.0139683 0.0261731 0.0143938 0.0349893 0.0201907 0.117855 0.0231944 0.0434645 0.0643856
79 F 3.62135 0.0165721 0.0186476 0.0184796 0.00960489 0.156675 0.00629951 0.0340881 0.0796704 0.0383549 0.246547 0.0476671 0.0210069 0.0116676 0.0209089 0.01385 0.0180574 0.0279459 0.0464428 0.0116757 0.0230114 0.132827
80 Q 4.0969 0.0939529 0.0149874 0.0520623 0.0702439 0.013776 0.0288911 0.0448873 0.0473916 0.0549679 0.0284651 0.107196 0.0469255 0.010513 0.142129 0.0325869 0.0530291 0.041506 0.0262501 0.0151687 0.0242092 0.0508612
81 N 3.77876 0.0221287 0.0192659 0.162242 0.0457593 0.0250634 0.124184 0.0440905 0.0121192 0.0216473 0.0246911 0.0277523 0.187372 0.0106113 0.0511496 0.0187298 0.0370398 0.0177438 0.0143818 0.013979 0.0169336 0.103116
82 K 3.87821 0.172547 0.0139952 0.0132432 0.0384753 0.014293 0.0245994 0.0138038 0.020683 0.107956 0.0408967 0.0367225 0.0245933 0.00628992 0.0663366 0.0334321 0.148531 0.0423971 0.0819909 0.0197027 0.0171473 0.0623645
83 K 4.0045 0.0472829 0.0401472 0.0367061 0.121873 0.0131019 0.0165282 0.0497166 0.0170637 0.0948968 0.00684323 0.0187704 0.0448778 0.00996836 0.104875 0.0906515 0.0781567 0.104648 0.0213144 0.0211092 0.0207693 0.0407003
84 W 3.58208 0.0126061 0.0473488 0.0208025 0.0300349 0.134615 0.0154461 0.0142113 0.023652 0.0399755 0.0142134 0.0332213 0.0218751 0.0160455 0.0287138 0.0239105 0.0244933 0.0311428 0.0189767 0.318217 0.0269756 0.103522
85 D 3.75571 0.0184128 0.039375 0.309002 0.0668169 0.0209659 0.0584819 0.0217928 0.0781138 0.0280199 0.0224966 0.0207573 0.0393274 0.017084 0.026277 0.0256117 0.034635 0.0267499 0.0116835 0.027597 0.0482914 0.0585082
86 L 3.78608 0.0211513 0.0211313 0.0322457 0.0254639 0.0229927 0.00757535 0.0255035 0.0990184 0.0209196 0.255279 0.0345408 0.0178364 0.0433531 0.0263842 0.0345039 0.0129964 0.0142259 0.103062 0.0442465 0.0402116 0.0973584
87 F 3.56924 0.0220668 0.0355501 0.020031 0.012272 0.299212 0.0151738 0.021309 0.0379 0.0196472 0.0254504 0.0301711 0.0229272 0.0275278 0.0174747 0.0227545 0.0298397 0.0128723 0.01597 0.0337944 0.144909 0.133146
88 V 3.74589 0.0557536 0.0366566 0.0332923 0.0215453 0.0335296 0.0195954 0.0160399 0.0712158 0.0184126 0.118559 0.0331042 0.0243619 0.014879 0.0172633 0.0241744 0.0116581 0.0194008 0.260838 0.0298765 0.0225336 0.11731
89 E 3.54832 0.0120364 0.0437944 0.0234127 0.391362 0.0274132 0.0382861 0.0303303 0.045182 0.038773 0.0206919 0.0447535 0.0353786 0.0128591 0.0336639 0.0219997 0.026497 0.0257026 0.0220419 0.0331219 0.0301574 0.0425427
90 R 3.54941 0.024059 0.0218075 0.0255824 0.0329457 0.0194677 0.0452638 0.0229194 0.020225 0.0315116 0.045917 0.0474077 0.0259262 0.0238241 0.020164 0.365575 0.0172966 0.0197614 0.0123163 0.0273673 0.0407399 0.109922
91 S 4.02226 0.0328594 0.0210812 0.0407659 0.0739977 0.0210598 0.0540686 0.0399623 0.0138453 0.0310009 0.0112257 0.0346382 0.0221745 0.10375 0.0486508 0.0399024 0.148616 0.141864 0.0148165 0.0262148 0.038817 0.0406886
92 K 3.92108 0.0371848 0.00714453 0.0153028 0.0255837 0.0501704 0.0744882 0.0895466 0.0212673 0.0298044 0.0128786 0.0309313 0.0570472 0.00580411 0.0418731 0.0275393 0.057464 0.108001 0.0134488 0.0902918 0.185082 0.0191458
93 A 3.87032 0.160446 0.022368 0.0475973 0.0218839 0.0222107 0.0330152 0.0515855 0.0189626 0.0157427 0.0213552 0.0237674 0.0179267 0.0189317 0.0149183 0.0358711 0.0818916 0.173726 0.0644299 0.0228684 0.0151067 0.115395
94 Y 4.1532 0.0396065 0.0137527 0.0177828 0.090633 0.0281683 0.0305245 0.0724685 0.0285821 0.0954987 0.01568 0.0321328 0.0575911 0.00823661 0.0714308 0.0620414 0.0758974 0.0845449 0.0702795 0.0211576 0.0424622 0.0415288
95 S 3.90721 0.0346522 0.0253603 0.014569 0.0324921 0.0151453 0.0803753 0.0862623 0.0272904 0.0281988 0.0204295 0.0361573 0.0275903 0.0745709 0.060007 0.0238875 0.234117 0.0216092 0.0260948 0.021481 0.0228834 0.0868258
96 N 3.63377 0.0985098 0.017205 0.0311671 0.0163366 0.0138505 0.0578251 0.0226388 0.0242131 0.0125065 0.020506 0.0245677 0.0665491 0.00446122 0.0318342 0.0230529 0.21789 0.218957 0.0151469 0.0149507 0.0260737 0.0417576
97 C 3.58224 0.0301592 0.350818 0.0143479 0.0202616 0.0760675 0.0289443 0.0423601 0.017 0.0189739 0.0275473 0.0309427 0.0306752 0.0161918 0.0225825 0.0265001 0.0229077 0.0292037 0.0214077 0.0269417 0.0352643 0.110903
98 Y 3.81989 0.0308746 0.0484006 0.0308661 0.0357935 0.074953 0.0189335 0.0351159 0.035223 0.0186211 0.0381562 0.0377818 0.0371733 0.00895531 0.0284794 0.0176686 0.0195285 0.013673 0.048123 0.021646 0.233597 0.166437
99 P 3.80878 0.0532145 0.0239757 0.0535449 0.0435891 0.0249854 0.0192886 0.0315339 0.0239755 0.0287983 0.0325855 0.0311609 0.0286623 0.304989 0.0247332 0.0372839 0.0338429 0.0287854 0.0252925 0.0269691 0.0313778 0.0914114
100 Y 3.69272 0.0137047 0.0307963 0.0258879 0.0322277 0.0310207 0.031752 0.0533556 0.0375431 0.0224301 0.0277939 0.0357984 0.0439267 0.0279755 0.0126168 0.0332492 0.0110793 0.0277126 0.0313184 0.0353307 0.326344 0.108136
101 D 3.85037 0.0100823 0.0120921 0.155245 0.178131 0.0488692 0.0207483 0.0491111 0.0310505 0.0128729 0.0188419 0.0374742 0.02143 0.0136078 0.0292673 0.0150792 0.0298345 0.0387553 0.125033 0.0216249 0.0516961 0.0791529
102 V 3.71529 0.0215869 0.0245728 0.0163198 0.0424131 0.025213 0.047018 0.0263366 0.10429 0.0164825 0.0503623 0.0610919 0.0143839 0.0188373 0.0187789 0.0269395 0.0185608 0.0208617 0.260808 0.0275868 0.0109854 0.146571
103 P 4.13034 0.0477187 0.00811736 0.126106 0.102871 0.0348125 0.00882915 0.0725632 0.0344004 0.0296597 0.0182603 0.0544297 0.0527468 0.0498557 0.0857774 0.0191993 0.0594763 0.0591522 0.0295734 0.0403542 0.0422741 0.0238226
104 D 3.88824 0.0241936 0.0139521 0.175784 0.0402947 0.0306794 0.0650434 0.172551 0.0157859 0.0546687 0.0273043 0.0425037 0.0206632 0.0149771 0.0823835 0.0180134 0.0259347 0.0165317 0.0126519 0.0222731 0.0497586 0.0740517
105 Y 4.04863 0.0308609 0.0762463 0.0320126 0.0315848 0.0454772 0.048958 0.0435102 0.0524256 0.0352791 0.079915 0.0584393 0.0201238 0.0161895 0.0431122 0.0308953 0.032188 0.0182194 0.015657 0.0295267 0.209264 0.0501144
106 A 4.16616 0.0842514 0.0115055 0.0537242 0.13599 0.0182801 0.0225194 0.072378 0.0361052 0.031655 0.0345529 0.0704644 0.0499597 0.0287961 0.0832552 0.0200504 0.0532428 0.0438087 0.033103 0.049736 0.0288143 0.0378075
107 S 4.12245 0.0502706 0.0323029 0.0768901 0.0274036 0.0487702 0.0790644 0.0186956 0.0186697 0.0187291 0.00701716 0.040499 0.0941524 0.0319127 0.0392104 0.0191718 0.140398 0.073671 0.0414025 0.0608904 0.0423369 0.0385416
108 L 3.62391 0.0241469 0.017217 0.0174163 0.039604 0.038116 0.0210515 0.0464323 0.0484249 0.0160108 0.321788 0.0229184 0.042818 0.0298341 0.0136382 0.0193978 0.0266386 0.0133935 0.0484911 0.0275339 0.024272 0.140858
109 R 3.78435 0.021707 0.0219224 0.0265811 0.0538546 0.0181405 0.0246632 0.0164381 0.0373153 0.0853171 0.0263986 0.0484892 0.0264776 0.0134205 0.0345253 0.272499 0.0294515 0.0284098 0.0418307 0.0201957 0.0248369 0.127526
110 S 3.97554 0.0943103 0.0146575 0.0324736 0.0267725 0.0380897 0.0473102 0.0231498 0.0105472 0.0619272 0.0388394 0.0375678 0.046412 0.0199238 0.0396572 0.0577163 0.210744 0.027044 0.0112048 0.0457267 0.0224732 0.0934525
111 L 3.84648 0.0255062 0.0253272 0.0275071 0.0242336 0.043105 0.0293844 0.0209545 0.0869428 0.0226012 0.267149 0.0267829 0.0416193 0.0297361 0.0179935 0.0139148 0.0230275 0.0318685 0.0613777 0.0732879 0.0221106 0.0855696
112 V 3.78873 0.0357425 0.0262765 0.0332134 0.0196558 0.0222793 0.0228327 0.0371717 0.0622023 0.0319111 0.0599028 0.0420961 0.022801 0.0210821 0.0320091 0.0253736 0.0158068 0.0256549 0.294137 0.0285987 0.0311292 0.110124
113 A 3.801 0.306328 0.0319371 0.0439375 0.0227081 0.0375388 0.0792627 0.0256634 0.0355442 0.0281121 0.0262345 0.0263429 0.0382491 0.0226307 0.0247344 0.0168732 0.0731837 0.0256205 0.0332525 0.0244043 0.0317609 0.0456817
114 S 4.22492 0.0398199 0.0300237 0.0368041 0.0832405 0.0377311 0.0434169 0.0406702 0.0201811 0.064201 0.040806 0.050109 0.0382521 0.0116014 0.119683 0.0381946 0.0849157 0.0643617 0.0440338 0.032903 0.0245679 0.0544833
115 S 4.14295 0.0698914 0.0140273 0.0294363 0.0212301 0.0473818 0.0375414 0.0219137 0.0609459 0.0245912 0.0706997 0.0612775 0.0290727 0.0302375 0.0458175 0.0197263 0.159039 0.0434513 0.0544666 0.0297741 0.0472356 0.0822423
116 G 3.66438 0.0363768 0.0441396 0.0211012 0.0208505 0.0417401 0.337178 0.0163592 0.0235221 0.0251376 0.020822 0.0310483 0.0229815 0.0074907 0.0308944 0.052096 0.0221912 0.0240527 0.0496145 0.0373832 0.0408881 0.0941323
117 T 4.11542 0.0528639 0.0450099 0.0426915 0.0492817 0.029713 0.0358881 0.0435139 0.034556 0.0474627 0.0237167 0.0395016 0.0275175 0.0152157 0.0188445 0.0378474 0.128746 0.164902 0.030454 0.0311213 0.0414908 0.0596616
118 L 3.90356 0.023421 0.0338038 0.0391256 0.0259451 0.0727295 0.0699642 0.0229928 0.0706494 0.0240831 0.258212 0.0766666 0.0421078 0.0241202 0.0369237 0.0233271 0.016977 0.0171693 0.03583 0.0313134 0.0214196 0.0332189
119 E 3.75758 0.0350088 0.0281944 0.0427266 0.323678 0.0411283 0.0350904 0.0176613 0.0406068 0.0428692 0.0286262 0.0214177 0.0246045 0.0209924 0.0395661 0.0309174 0.0189014 0.0267599 0.0427327 0.0298732 0.0239668 0.084678
120 F 3.79553 0.0145357 0.029212 0.0278686 0.0414975 0.28654 0.0174039 0.0582696 0.0214844 0.0198771 0.0255545 0.0441115 0.0172255 0.0279073 0.0361025 0.0168448 0.0789566 0.0354587 0.0270783 0.0351503 0.037715 0.101207
121 N 4.02766 0.0348566 0.003406 0.0240978 0.0886677 0.099574 0.0118903 0.0676659 0.0657449 0.0395658 0.013562 0.0528462 0.0351846 0.0034522 0.0826751 0.0117387 0.0393361 0.114615 0.0699845 0.0412774 0.0820765 0.0177829
122 N 4.05232 0.0647268 0.00669029 0.0492131 0.152186 0.0453807 0.0198599 0.100706 0.0309292 0.0187719 0.0254709 0.0245598 0.0619122 0.0445758 0.0761226 0.0106714 0.0745606 0.0709247 0.0396432 0.0114927 0.0512868 0.0203156
123 E 3.65517 0.0277327 0.0215563 0.0354139 0.34218 0.0255674 0.0305403 0.0297499 0.0185366 0.0454632 0.0330882 0.0523843 0.0160316 0.0449472 0.0232181 0.0270765 0.0140923 0.0182722 0.0323707 0.0467493 0.0196662 0.0953625
124 S 4.16778 0.0549922 0.011118 0.0662532 0.0909879 0.0960979 0.0284119 0.0690519 0.0368607 0.0231554 0.0266684 0.0292103 0.117739 0.0487286 0.0253665 0.028082 0.0539277 0.0114419 0.0407301 0.0455083 0.0554349 0.0402333
125 F 3.64785 0.0136768 0.0687719 0.0233012 0.0258763 0.348319 0.0173279 0.0287909 0.0459778 0.0247609 0.0407117 0.0439165 0.0161444 0.0107797 0.0288904 0.0295786 0.0396782 0.0238837 0.0278727 0.048913 0.0267635 0.0660646
126 N 3.95751 0.0227895 0.0149565 0.0864893 0.0706981 0.0145562 0.034116 0.0244422 0.0611736 0.0195126 0.0347285 0.0539073 0.231772 0.0144444 0.0556109 0.0264401 0.0430593 0.0288474 0.0230165 0.0492222 0.0328093 0.0574087
127 W 3.86633 0.0201741 0.0759888 0.0173539 0.024421 0.078744 0.0273838 0.031495 0.0570108 0.0363725 0.0432506 0.0669494 0.0237848 0.0189105 0.0244145 0.0224282 0.0123441 0.0407722 0.0366246 0.270027 0.0426913 0.0288585
128 T 4.19103 0.036506 0.0184875 0.0460908 0.0954336 0.0443387 0.0231589 0.0534193 0.0390048 0.0295908 0.0430765 0.0483157 0.0514418 0.0481082 0.0392626 0.0285382 0.0334389 0.157903 0.0361623 0.0350465 0.0319372 0.0607391
129 G 3.9384 0.0280712 0.0216528 0.042509 0.0646413 0.0715952 0.234755 0.0239071 0.0119039 0.0222611 0.0125834 0.0274205 0.0835896 0.0202712 0.0383295 0.0362763 0.0371169 0.0465793 0.0695111 0.0241902 0.0214209 0.0614142
130 V 3.98964 0.0410674 0.0346033 0.0272176 0.0228823 0.0270359 0.0288756 0.0567095 0.0507626 0.0266406 0.0335122 0.0350997 0.0341672 0.0112095 0.0343038 0.0343933 0.0471886 0.0259431 0.230465 0.0344758 0.0557315 0.107716
131 T 4.10331 0.0420108 0.0287305 0.0290251 0.0287219 0.018607 0.0308061 0.0452525 0.0524909 0.026413 0.0654479 0.0472316 0.0538373 0.0228539 0.140697 0.0238392 0.0778011 0.136575 0.0549032 0.0378525 0.0163778 0.0205256
132 Q 3.65164 0.0165757 0.0836351 0.0237297 0.292613 0.0163399 0.0183226 0.0249377 0.0318771 0.0486959 0.0115148 0.0199252 0.0194605 0.0400932 0.13991 0.0111866 0.0227008 0.0223789 0.0616688 0.0235772 0.016568 0.0542893
133 N 3.6518 0.0192428 0.0174252 0.182403 0.0551536 0.0235262 0.0367488 0.0321538 0.0113945 0.026837 0.0154353 0.0460926 0.276056 0.0166032 0.0246366 0.0117881 0.0341769 0.0256284 0.0116274 0.0467039 0.0328458 0.0535213
134 G 3.89861 0.0324987 0.0252972 0.0207974 0.0431917 0.0318192 0.243069 0.116041 0.0284199 0.0279612 0.0427189 0.0461052 0.0218601 0.0131319 0.0502937 0.0267746 0.0241348 0.0888535 0.0383527 0.0246575 0.0170791 0.0369424
135 T 3.55555 0.0835777 0.0187349 0.00946123 0.129553 0.0210162 0.0177508 0.034922 0.0245093 0.0229443 0.0143875 0.032095 0.0596689 0.00750483 0.0492832 0.00992561 0.0412729 0.0709037 0.312068 0.0144832 0.0161515 0.00978604
136 S 3.8927 0.0355604 0.0380218 0.0411402 0.0318078 0.0322213 0.043241 0.02111 0.0319297 0.0267328 0.018336 0.0257718 0.0655966 0.0149501 0.0599071 0.0244693 0.212526 0.168591 0.0148726 0.0314387 0.0193016 0.0424734
137 S 4.14413 0.0838992 0.0175662 0.0331584 0.0556428 0.0636817 0.07359 0.0456665 0.0241826 0.0319737 0.0226584 0.0336223 0.051016 0.0286568 0.0354726 0.0221344 0.171338 0.0469047 0.0406754 0.0285132 0.0500718 0.0395756
138 A 3.91172 0.0818394 0.0187743 0.0337788 0.0132054 0.0321014 0.0280027 0.0695353 0.00757943 0.0143827 0.0972647 0.0405249 0.0353213 0.0111579 0.0607681 0.00887215 0.0440245 0.154519 0.0123528 0.0761869 0.139951 0.0198572
139 C 3.81881 0.031424 0.304254 0.0183457 0.0325832 0.0756672 0.025831 0.0352925 0.0473965 0.0333528 0.0171648 0.0266484 0.0411838 0.0249084 0.0231335 0.024492 0.0260786 0.0294283 0.0345555 0.0415929 0.0640601 0.0426066
140 I 4.1663 0.0226912 0.0403611 0.0348092 0.0302271 0.0265286 0.0252459 0.0388746 0.14867 0.0214793 0.0425632 0.0712492 0.0618915 0.0759267 0.100758 0.027112 0.0344368 0.056694 0.0371862 0.0360195 0.0313559 0.0359202
141 R 4.14113 0.0287153 0.0352888 0.0847474 0.0241321 0.0368901 0.0198883 0.0585759 0.0179773 0.0395808 0.0229972 0.047973 0.0617244 0.0173765 0.0512944 0.16224 0.0723424 0.0328372 0.0307161 0.0457285 0.0397709 0.0692037
142 R 3.87281 0.0773166 0.0122305 0.127887 0.104533 0.0205704 0.0636056 0.0573941 0.0203392 0.0438033 0.0117123 0.0340615 0.161061 0.00586817 0.10133 0.0412042 0.0271767 0.0240231 0.0075695 0.0368586 0.00950376 0.011951
143 S 3.63881 0.0568088 0.0101773 0.0883785 0.0607045 0.0199282 0.314546 0.0311493 0.00905218 0.0351164 0.0124352 0.0507857 0.0619085 0.0131635 0.0561783 0.0112448 0.0556663 0.0343758 0.00877443 0.0397714 0.010632 0.0192023
144 K 3.93166 0.0369249 0.0180372 0.0274041 0.144924 0.028912 0.0410061 0.0568387 0.0283459 0.0900002 0.0137442 0.0285212 0.0263245 0.0062091 0.194955 0.0385724 0.053672 0.0561174 0.0282102 0.0130305 0.0339098 0.0343403
145 N 3.65325 0.0877233 0.0119301 0.024347 0.0287229 0.0245413 0.0342527 0.037832 0.0227175 0.0187913 0.0154282 0.0155826 0.0705074 0.30336 0.115441 0.00817423 0.0486091 0.046274 0.0147257 0.028151 0.0173236 0.0255661
146 S 3.82507 0.0293883 0.0808499 0.0462963 0.0327412 0.0707018 0.0512107 0.0224294 0.0511685 0.0209721 0.0163241 0.0428466 0.0440633 0.00895725 0.0320972 0.0268377 0.286269 0.0143835 0.0293849 0.0256855 0.0247613 0.0426308
147 F 3.65845 0.0201326 0.0383673 0.0282862 0.0316467 0.34769 0.021144 0.0208683 0.0470061 0.0179332 0.0366602 0.0487822 0.0217981 0.0228016 0.026669 0.015352 0.042483 0.0147639 0.0218251 0.0503272 0.0653303 0.0601331
148 F 3.64791 0.0212824 0.0243424 0.0420303 0.0269394 0.348655 0.0303401 0.0164152 0.0180983 0.0300648 0.0189669 0.0340523 0.0174675 0.0592733 0.0227614 0.0349555 0.0319027 0.0160206 0.0324686 0.0345763 0.0671421 0.0722448
149 S 3.86533 0.0761237 0.0289916 0.0471187 0.096477 0.0324538 0.0242629 0.0243188 0.00995596 0.0298362 0.0431624 0.0350043 0.035918 0.0276991 0.0384586 0.0235907 0.271712 0.0371101 0.0152682 0.0343206 0.0234617 0.044755
150 R 3.9821 0.0292797 0.0690264 0.0253736 0.0220348 0.0245398 0.0322503 0.0687002 0.0463302 0.0539911 0.0148333 0.0298259 0.0638854 0.0291495 0.0247402 0.232247 0.0212865 0.0633847 0.0176377 0.0637349 0.0325056 0.0352424
151 L 3.71969 0.0339008 0.0191122 0.0410429 0.0197204 0.0488814 0.0217063 0.0263999 0.0694062 0.0556963 0.31879 0.0354449 0.0138 0.012307 0.0256276 0.0269364 0.0796806 0.0278153 0.0193368 0.0487799 0.0166847 0.0389305
152 N 3.63488 0.0199886 0.030962 0.0566174 0.0492787 0.0179653 0.0167472 0.0292539 0.0179375 0.0412518 0.0153757 0.0544858 0.361806 0.0247907 0.0203102 0.0386321 0.0250021 0.034295 0.0373619 0.0358631 0.0287113 0.0433627
153 W 3.68575 0.0178192 0.0436734 0.0224663 0.0307709 0.0363445 0.0365006 0.0263935 0.0422227 0.0292908 0.0433082 0.0437736 0.0215165 0.0296456 0.0436554 0.0294973 0.0288671 0.0198392 0.0203874 0.353183 0.0235045 0.0573406
154 L 3.84893 0.0312881 0.0166106 0.0270441 0.0369952 0.0453208 0.0218728 0.0273939 0.0985469 0.0181169 0.274655 0.0389472 0.0296976 0.0234763 0.0332705 0.0181946 0.0717761 0.0180882 0.0434602 0.060791 0.0262135 0.0382409
155 T 3.79818 0.0257956 0.0458009 0.0393052 0.0400378 0.0430347 0.0448072 0.0470533 0.0418272 0.0138828 0.0142493 0.0197874 0.016985 0.0170541 0.0592688 0.0215374 0.121625 0.274389 0.0262238 0.0200941 0.0161001 0.051142
156 H 4.09043 0.104075 0.027918 0.0231399 0.0326148 0.0350413 0.095066 0.145099 0.01751 0.0506723 0.0258144 0.0609022 0.0686392 0.0580035 0.0428905 0.0200262 0.074976 0.0301057 0.0237741 0.0122998 0.0229692 0.0284625
157 L 3.93992 0.0644285 0.00954796 0.0952066 0.207594 0.0328693 0.0239642 0.060676 0.0189474 0.0279839 0.0527627 0.0411568 0.0522141 0.0197099 0.0685046 0.012128 0.0940352 0.0331367 0.0192731 0.0155784 0.0349547 0.0153279
158 N 3.64809 0.0130701 0.00640111 0.231638 0.0906769 0.0104653 0.124598 0.0411408 0.00957862 0.0242433 0.0134901 0.0196426 0.172415 0.0261943 0.0332835 0.0190371 0.029984 0.0365035 0.0197534 0.0271121 0.0227335 0.0280391
159 F 3.53165 0.0332008 0.00493978 0.0455199 0.0189667 0.0315665 0.318875 0.0874134 0.0031867 0.0402341 0.017441 0.0258587 0.118408 0.0146881 0.0853509 0.0128593 0.0458611 0.0297016 0.0139455 0.0167034 0.0251773 0.0101023
160 K 3.85465 0.0324098 0.0073396 0.0750593 0.128142 0.00871892 0.0332441 0.0411961 0.0122178 0.0596508 0.0180495 0.0365531 0.0670628 0.019467 0.0552534 0.0377588 0.153448 0.152199 0.0303616 0.00957477 0.0143532 0.00793918
161 Y 3.46151 0.0219434 0.0160164 0.0242489 0.0302608 0.316639 0.0186738 0.0425171 0.0112418 0.0111203 0.0183409 0.0913973 0.0155961 0.0179213 0.0197556 0.00958239 0.0233209 0.0217876 0.0105429 0.166726 0.0818658 0.0305014
162 P 4.02595 0.0350671 0.0227702 0.0807074 0.0548431 0.0279085 0.0384115 0.0290084 0.0249877 0.0227489 0.0148184 0.0394258 0.0436771 0.184858 0.0505869 0.0122971 0.0582771 0.0511726 0.0271227 0.0392809 0.0184499 0.123581
163 A 4.19034 0.0862289 0.0169175 0.0346483 0.0918551 0.0568759 0.0177926 0.0478403 0.0488963 0.00859411 0.0374894 0.0516299 0.0342061 0.0760501 0.043976 0.0140112 0.0704442 0.097976 0.0404561 0.0407551 0.0552588 0.0280983
164 L 2.75138 0.00865841 0.00710184 0.00722075 0.0150067 0.0465609 0.0079099 0.0332438 0.0503151 0.0106038 0.0718192 0.0166896 0.0267858 0.0208577 0.556899 0.00552832 0.0091581 0.023902 0.0244407 0.0182476 0.0175915 0.0214588
165 N 3.98108 0.0246989 0.0275992 0.0538354 0.0910881 0.0639095 0.0295537 0.0400621 0.0326354 0.0313342 0.0246655 0.037737 0.235804 0.0250119 0.030403 0.0111533 0.0321187 0.0317333 0.0442117 0.0407486 0.0242065 0.06749
